 0.0000000000, 0.0030132599, 0.0000000000, 0.0078470309, 0.0015694062, 0.0051476523, 0.0060892960, 0.0018205112, 0.0035782461, 0.0001883287, 0.0018832874, 0.0045826661, 0.0031388124, 0.0013810774, 0.0000000000, 0.0016949587, 0.0008788675, 0.0015694062, 0.0042687848, 0.0014438537, 0.0047709948, 0.0060265198, 0.0000000000, 0.0074075972, 0.0005649862, 0.0059009673, 0.0044571136, 0.0033271411
 0.0030132599, 0.0000000000, 0.0014438537, 0.0050220998, 0.0013810774, 0.0011927487, 0.0067170585, 0.0000000000, 0.0045198898, 0.0046454423, 0.0008160912, 0.0021343924, 0.0003766575, 0.0079098072, 0.0020716162, 0.0025110499, 0.0002511050, 0.0018205112, 0.0033271411, 0.0026993786, 0.0037037986, 0.0050848760, 0.0032015886, 0.0014438537, 0.0103580808, 0.0035154699, 0.0091025559, 0.0000000000
 0.0000000000, 0.0014438537, 0.0000000000, 0.0000000000, 0.0057126385, 0.0102953046, 0.0013810774, 0.0088514509, 0.0030132599, 0.0079098072, 0.0042060086, 0.0080981359, 0.0033271411, 0.0083492409, 0.0076587022, 0.0000000000, 0.0028877074, 0.0055870860, 0.0060892960, 0.0056498623, 0.0025110499, 0.0008160912, 0.0000000000, 0.0024482737, 0.0031388124, 0.0030132599, 0.0048337711, 0.0070309397
 0.0078470309, 0.0050220998, 0.0000000000, 0.0000000000, 0.0018205112, 0.0008160912, 0.0011299725, 0.0097303184, 0.0046454423, 0.0032015886, 0.0016321824, 0.0021971687, 0.0000000000, 0.0047082186, 0.0048965473, 0.0090397796, 0.0056498623, 0.0109858433, 0.0070309397, 0.0021343924, 0.0018205112, 0.0057126385, 0.0071564922, 0.0095419896, 0.0000000000, 0.0086003459, 0.0000000000, 0.0084747934
 0.0015694062, 0.0013810774, 0.0057126385, 0.0018205112, 0.0000000000, 0.0065287297, 0.0028877074, 0.0101069759, 0.0023227212, 0.0078470309, 0.0086003459, 0.0064031772, 0.0045826661, 0.0057754148, 0.0064031772, 0.0023227212, 0.0007533150, 0.0069681635, 0.0058381910, 0.0021971687, 0.0074075972, 0.0063404010, 0.0084747934, 0.0095419896, 0.0075331497, 0.0082236884, 0.0086631222, 0.0078470309
 0.0051476523, 0.0011927487, 0.0102953046, 0.0008160912, 0.0065287297, 0.0000000000, 0.0035154699, 0.0000000000, 0.0050848760, 0.0051476523, 0.0060892960, 0.0069053872, 0.0009416437, 0.0069681635, 0.0059009673, 0.0085375697, 0.0013183012, 0.0010671962, 0.0071564922, 0.0075959259, 0.0003138812, 0.0026993786, 0.0102325283, 0.0003138812, 0.0067170585, 0.0114880533, 0.0058381910, 0.0056498623
 0.0060892960, 0.0067170585, 0.0013810774, 0.0011299725, 0.0028877074, 0.0035154699, 0.0000000000, 0.0000000000, 0.0032643649, 0.0033899174, 0.0018832874, 0.0049593236, 0.0023854974, 0.0000000000, 0.0110486196, 0.0005022100, 0.0032643649, 0.0010671962, 0.0052732048, 0.0072192685, 0.0065287297, 0.0084120172, 0.0016321824, 0.0000000000, 0.0001883287, 0.0000000000, 0.0004394337, 0.0084747934
 0.0018205112, 0.0000000000, 0.0088514509, 0.0097303184, 0.0101069759, 0.0000000000, 0.0000000000, 0.0000000000, 0.0127435782, 0.0099186471, 0.0066542822, 0.0126808020, 0.0076587022, 0.0067170585, 0.0090397796, 0.0019460637, 0.0057126385, 0.0091653321, 0.0047082186, 0.0080353597, 0.0014438537, 0.0078470309, 0.0177029018, 0.0105464096, 0.0097303184, 0.0038293511, 0.0030132599, 0.0092908846
 0.0035782461, 0.0045198898, 0.0030132599, 0.0046454423, 0.0023227212, 0.0050848760, 0.0032643649, 0.0127435782, 0.0000000000, 0.0028249311, 0.0094792134, 0.0086003459, 0.0017577349, 0.0065915060, 0.0039549036, 0.0035782461, 0.0009416437, 0.0052732048, 0.0049593236, 0.0020088399, 0.0000000000, 0.0023854974, 0.0028877074, 0.0053987573, 0.0038921273, 0.0039549036, 0.0018832874, 0.0054615335
 0.0001883287, 0.0046454423, 0.0079098072, 0.0032015886, 0.0078470309, 0.0051476523, 0.0033899174, 0.0099186471, 0.0028249311, 0.0000000000, 0.0009416437, 0.0032015886, 0.0010671962, 0.0000000000, 0.0032015886, 0.0016321824, 0.0035782461, 0.0063404010, 0.0003138812, 0.0004394337, 0.0038293511, 0.0042687848, 0.0021343924, 0.0034526936, 0.0092281084, 0.0047709948, 0.0007533150, 0.0097303184
 0.0018832874, 0.0008160912, 0.0042060086, 0.0016321824, 0.0086003459, 0.0060892960, 0.0018832874, 0.0066542822, 0.0094792134, 0.0009416437, 0.0000000000, 0.0057126385, 0.0018832874, 0.0041432323, 0.0025110499, 0.0041432323, 0.0001883287, 0.0013183012, 0.0027621549, 0.0000000000, 0.0026366024, 0.0031388124, 0.0050220998, 0.0054615335, 0.0010044200, 0.0005022100, 0.0041432323, 0.0050848760
 0.0045826661, 0.0021343924, 0.0080981359, 0.0021971687, 0.0064031772, 0.0069053872, 0.0049593236, 0.0126808020, 0.0086003459, 0.0032015886, 0.0057126385, 0.0000000000, 0.0023227212, 0.0056498623, 0.0075959259, 0.0024482737, 0.0067170585, 0.0074075972, 0.0020716162, 0.0047082186, 0.0032015886, 0.0032015886, 0.0109858433, 0.0054615335, 0.0097930946, 0.0079725834, 0.0007533150, 0.0086003459
 0.0031388124, 0.0003766575, 0.0033271411, 0.0000000000, 0.0045826661, 0.0009416437, 0.0023854974, 0.0076587022, 0.0017577349, 0.0010671962, 0.0018832874, 0.0023227212, 0.0000000000, 0.0008160912, 0.0047709948, 0.0060892960, 0.0030132599, 0.0006905387, 0.0011927487, 0.0038293511, 0.0010671962, 0.0038921273, 0.0008160912, 0.0066542822, 0.0026366024, 0.0000000000, 0.0053987573, 0.0000000000
 0.0013810774, 0.0079098072, 0.0083492409, 0.0047082186, 0.0057754148, 0.0069681635, 0.0000000000, 0.0067170585, 0.0065915060, 0.0000000000, 0.0041432323, 0.0056498623, 0.0008160912, 0.0000000000, 0.0001883287, 0.0065287297, 0.0052104285, 0.0045198898, 0.0026366024, 0.0038293511, 0.0000000000, 0.0067798347, 0.0000000000, 0.0025110499, 0.0000000000, 0.0059637435, 0.0042687848, 0.0089142271
 0.0000000000, 0.0020716162, 0.0076587022, 0.0048965473, 0.0064031772, 0.0059009673, 0.0110486196, 0.0090397796, 0.0039549036, 0.0032015886, 0.0025110499, 0.0075959259, 0.0047709948, 0.0001883287, 0.0000000000, 0.0072192685, 0.0034526936, 0.0033271411, 0.0048965473, 0.0042060086, 0.0069053872, 0.0025110499, 0.0040176798, 0.0045198898, 0.0094164371, 0.0008788675, 0.0021971687, 0.0067798347
 0.0016949587, 0.0025110499, 0.0000000000, 0.0090397796, 0.0023227212, 0.0085375697, 0.0005022100, 0.0019460637, 0.0035782461, 0.0016321824, 0.0041432323, 0.0024482737, 0.0060892960, 0.0065287297, 0.0072192685, 0.0000000000, 0.0043943373, 0.0072192685, 0.0025738261, 0.0035154699, 0.0045198898, 0.0080353597, 0.0031388124, 0.0083492409, 0.0042060086, 0.0035782461, 0.0054615335, 0.0051476523
 0.0008788675, 0.0002511050, 0.0028877074, 0.0056498623, 0.0007533150, 0.0013183012, 0.0032643649, 0.0057126385, 0.0009416437, 0.0035782461, 0.0001883287, 0.0067170585, 0.0030132599, 0.0052104285, 0.0034526936, 0.0043943373, 0.0000000000, 0.0036410224, 0.0030760361, 0.0047709948, 0.0052732048, 0.0062148485, 0.0020088399, 0.0080353597, 0.0053987573, 0.0008788675, 0.0016321824, 0.0030760361
 0.0015694062, 0.0018205112, 0.0055870860, 0.0109858433, 0.0069681635, 0.0010671962, 0.0010671962, 0.0091653321, 0.0052732048, 0.0063404010, 0.0013183012, 0.0074075972, 0.0006905387, 0.0045198898, 0.0033271411, 0.0072192685, 0.0036410224, 0.0000000000, 0.0117391583, 0.0000000000, 0.0030132599, 0.0062776248, 0.0045198898, 0.0075959259, 0.0050220998, 0.0033271411, 0.0086003459, 0.0101069759
 0.0042687848, 0.0033271411, 0.0060892960, 0.0070309397, 0.0058381910, 0.0071564922, 0.0052732048, 0.0047082186, 0.0049593236, 0.0003138812, 0.0027621549, 0.0020716162, 0.0011927487, 0.0026366024, 0.0048965473, 0.0025738261, 0.0030760361, 0.0117391583, 0.0000000000, 0.0000000000, 0.0042060086, 0.0000000000, 0.0073448210, 0.0040176798, 0.0000000000, 0.0047082186, 0.0045198898, 0.0098558709
 0.0014438537, 0.0026993786, 0.0056498623, 0.0021343924, 0.0021971687, 0.0075959259, 0.0072192685, 0.0080353597, 0.0020088399, 0.0004394337, 0.0000000000, 0.0047082186, 0.0038293511, 0.0038293511, 0.0042060086, 0.0035154699, 0.0047709948, 0.0000000000, 0.0000000000, 0.0000000000, 0.0063404010, 0.0021343924, 0.0041432323, 0.0035782461, 0.0064031772, 0.0056498623, 0.0102953046, 0.0000000000
 0.0047709948, 0.0037037986, 0.0025110499, 0.0018205112, 0.0074075972, 0.0003138812, 0.0065287297, 0.0014438537, 0.0000000000, 0.0038293511, 0.0026366024, 0.0032015886, 0.0010671962, 0.0000000000, 0.0069053872, 0.0045198898, 0.0052732048, 0.0030132599, 0.0042060086, 0.0063404010, 0.0000000000, 0.0025110499, 0.0000000000, 0.0030132599, 0.0078470309, 0.0011927487, 0.0015694062, 0.0053987573
 0.0060265198, 0.0050848760, 0.0008160912, 0.0057126385, 0.0063404010, 0.0026993786, 0.0084120172, 0.0078470309, 0.0023854974, 0.0042687848, 0.0031388124, 0.0032015886, 0.0038921273, 0.0067798347, 0.0025110499, 0.0080353597, 0.0062148485, 0.0062776248, 0.0000000000, 0.0021343924, 0.0025110499, 0.0000000000, 0.0030132599, 0.0000000000, 0.0055870860, 0.0093536609, 0.0045826661, 0.0062776248
 0.0000000000, 0.0032015886, 0.0000000000, 0.0071564922, 0.0084747934, 0.0102325283, 0.0016321824, 0.0177029018, 0.0028877074, 0.0021343924, 0.0050220998, 0.0109858433, 0.0008160912, 0.0000000000, 0.0040176798, 0.0031388124, 0.0020088399, 0.0045198898, 0.0073448210, 0.0041432323, 0.0000000000, 0.0030132599, 0.0000000000, 0.0059009673, 0.0121785920, 0.0135596695, 0.0066542822, 0.0046454423
 0.0074075972, 0.0014438537, 0.0024482737, 0.0095419896, 0.0095419896, 0.0003138812, 0.0000000000, 0.0105464096, 0.0053987573, 0.0034526936, 0.0054615335, 0.0054615335, 0.0066542822, 0.0025110499, 0.0045198898, 0.0083492409, 0.0080353597, 0.0075959259, 0.0040176798, 0.0035782461, 0.0030132599, 0.0000000000, 0.0059009673, 0.0000000000, 0.0016949587, 0.0057126385, 0.0032643649, 0.0015694062
 0.0005649862, 0.0103580808, 0.0031388124, 0.0000000000, 0.0075331497, 0.0067170585, 0.0001883287, 0.0097303184, 0.0038921273, 0.0092281084, 0.0010044200, 0.0097930946, 0.0026366024, 0.0000000000, 0.0094164371, 0.0042060086, 0.0053987573, 0.0050220998, 0.0000000000, 0.0064031772, 0.0078470309, 0.0055870860, 0.0121785920, 0.0016949587, 0.0000000000, 0.0036410224, 0.0020088399, 0.0047082186
 0.0059009673, 0.0035154699, 0.0030132599, 0.0086003459, 0.0082236884, 0.0114880533, 0.0000000000, 0.0038293511, 0.0039549036, 0.0047709948, 0.0005022100, 0.0079725834, 0.0000000000, 0.0059637435, 0.0008788675, 0.0035782461, 0.0008788675, 0.0033271411, 0.0047082186, 0.0056498623, 0.0011927487, 0.0093536609, 0.0135596695, 0.0057126385, 0.0036410224, 0.0000000000, 0.0111113958, 0.0116763820
 0.0044571136, 0.0091025559, 0.0048337711, 0.0000000000, 0.0086631222, 0.0058381910, 0.0004394337, 0.0030132599, 0.0018832874, 0.0007533150, 0.0041432323, 0.0007533150, 0.0053987573, 0.0042687848, 0.0021971687, 0.0054615335, 0.0016321824, 0.0086003459, 0.0045198898, 0.0102953046, 0.0015694062, 0.0045826661, 0.0066542822, 0.0032643649, 0.0020088399, 0.0111113958, 0.0000000000, 0.0021343924
 0.0033271411, 0.0000000000, 0.0070309397, 0.0084747934, 0.0078470309, 0.0056498623, 0.0084747934, 0.0092908846, 0.0054615335, 0.0097303184, 0.0050848760, 0.0086003459, 0.0000000000, 0.0089142271, 0.0067798347, 0.0051476523, 0.0030760361, 0.0101069759, 0.0098558709, 0.0000000000, 0.0053987573, 0.0062776248, 0.0046454423, 0.0015694062, 0.0047082186, 0.0116763820, 0.0021343924, 0.0000000000
